00000000 -> 5 6 8 7 8 6 9 1 5 0 -> 00000000
10000000 -> 8 2 5 1 2 10 7 3 2 0 -> 10000000
01000000 -> 4 5 2 6 10 6 3 3 3 0 -> 01000000
11000000 -> 6 6 7 2 9 7 6 10 3 0 -> 11000000
00100000 -> 9 1 8 8 2 7 5 6 10 0 -> 00100000
10100000 -> 1 2 3 3 10 4 2 1 3 0 -> 10100000
01100000 -> 6 9 2 8 6 3 1 3 1 0 -> 01100000
11100000 -> 10 1 2 6 9 2 6 8 5 0 -> 11100000
00010000 -> 2 7 5 4 3 1 3 7 9 0 -> 00010000
10010000 -> 1 10 6 10 1 5 9 3 9 0 -> 10010000
01010000 -> 5 3 8 5 1 4 9 7 7 0 -> 01010000
11010000 -> 7 10 7 1 7 3 8 2 10 0 -> 11010000
00110000 -> 3 6 8 6 6 4 3 1 2 0 -> 00110000
10110000 -> 2 4 1 4 5 7 4 5 7 0 -> 10110000
01110000 -> 7 2 7 9 4 2 2 7 8 0 -> 01110000
11110000 -> 2 3 9 8 8 8 1 5 10 0 -> 11110000
00001000 -> 4 4 4 4 8 6 1 10 7 0 -> 00001000
10001000 -> 7 9 6 6 5 8 8 4 10 0 -> 10001000
01001000 -> 4 2 8 10 5 10 3 1 3 0 -> 01001000
11001000 -> 4 1 10 4 2 1 10 4 6 0 -> 11001000
00101000 -> 2 3 3 2 1 4 4 2 1 0 -> 00101000
10101000 -> 10 6 4 10 3 5 1 4 3 0 -> 10101000
01101000 -> 3 10 10 3 4 6 9 5 1 0 -> 01101000
11101000 -> 8 5 4 2 10 10 10 6 8 0 -> 11101000
00011000 -> 10 6 4 10 6 2 2 6 6 0 -> 00011000
10011000 -> 8 10 1 7 9 2 10 4 7 0 -> 10011000
01011000 -> 2 1 8 9 10 6 7 1 3 0 -> 01011000
11011000 -> 1 2 4 4 9 4 6 4 2 0 -> 11011000
00111000 -> 5 6 5 3 9 3 6 9 5 0 -> 00111000
10111000 -> 10 2 5 10 8 7 9 4 9 0 -> 10111000
01111000 -> 9 4 4 8 4 3 9 4 7 0 -> 01111000
11111000 -> 6 9 10 8 9 10 2 3 10 0 -> 11111000
00000100 -> 4 9 9 8 9 8 9 3 7 0 -> 00000100
10000100 -> 10 1 5 7 3 6 4 1 2 0 -> 10000100
01000100 -> 2 9 3 7 5 5 5 1 8 0 -> 01000100
11000100 -> 8 9 8 3 2 4 2 8 7 0 -> 11000100
00100100 -> 6 9 6 1 4 5 8 3 6 0 -> 00100100
10100100 -> 2 7 4 9 6 5 4 10 4 0 -> 10100100
01100100 -> 10 9 4 7 6 6 9 5 7 0 -> 01100100
11100100 -> 4 1 4 2 4 1 1 1 2 0 -> 11100100
00010100 -> 10 2 3 7 6 6 3 1 5 0 -> 00010100
10010100 -> 1 9 1 1 10 5 7 6 7 0 -> 10010100
01010100 -> 10 10 4 1 5 5 9 8 9 0 -> 01010100
11010100 -> 7 6 4 7 5 3 5 5 8 0 -> 11010100
00110100 -> 3 10 1 1 10 2 10 1 7 0 -> 00110100
10110100 -> 8 4 1 6 9 10 6 6 5 0 -> 10110100
01110100 -> 4 3 5 6 5 4 1 5 6 0 -> 01110100
11110100 -> 5 6 2 9 2 4 8 7 10 0 -> 11110100
00001100 -> 3 8 3 10 6 9 9 8 9 0 -> 00001100
10001100 -> 8 9 8 1 2 4 4 10 1 0 -> 10001100
01001100 -> 4 3 3 8 4 3 6 3 6 0 -> 01001100
11001100 -> 1 3 3 3 1 4 9 6 9 0 -> 11001100
00101100 -> 8 7 6 7 10 8 8 7 9 0 -> 00101100
10101100 -> 3 1 7 1 1 6 4 3 8 0 -> 10101100
01101100 -> 1 2 7 5 1 7 10 9 1 0 -> 01101100
11101100 -> 3 7 3 1 4 8 10 3 9 0 -> 11101100
00011100 -> 3 7 2 4 2 9 6 9 6 0 -> 00011100
10011100 -> 2 4 1 8 10 10 2 9 4 0 -> 10011100
01011100 -> 4 1 5 5 3 3 9 2 1 0 -> 01011100
11011100 -> 5 2 10 10 2 3 2 2 9 0 -> 11011100
00111100 -> 8 6 10 10 7 5 5 4 6 0 -> 00111100
10111100 -> 3 2 1 1 6 8 8 9 9 0 -> 10111100
01111100 -> 6 7 5 9 4 6 1 3 6 0 -> 01111100
11111100 -> 10 2 1 8 8 8 8 6 6 0 -> 11111100
00000010 -> 9 10 3 10 10 7 7 7 1 0 -> 00000010
10000010 -> 2 9 7 8 3 2 7 6 1 0 -> 10000010
01000010 -> 6 3 6 5 3 8 3 1 4 0 -> 01000010
11000010 -> 1 2 2 7 5 1 4 5 4 0 -> 11000010
00100010 -> 9 9 4 7 7 3 4 1 6 0 -> 00100010
10100010 -> 6 5 7 9 5 6 4 4 5 0 -> 10100010
01100010 -> 3 7 2 2 2 3 4 9 4 0 -> 01100010
11100010 -> 10 5 5 6 9 2 7 8 10 0 -> 11100010
00010010 -> 6 4 6 5 2 2 4 6 1 0 -> 00010010
10010010 -> 5 10 7 6 7 9 9 7 3 0 -> 10010010
01010010 -> 5 4 9 3 7 10 8 3 8 0 -> 01010010
11010010 -> 6 1 2 10 2 1 10 10 1 0 -> 11010010
00110010 -> 5 7 1 7 4 10 1 10 5 0 -> 00110010
10110010 -> 7 4 5 3 9 4 2 10 4 0 -> 10110010
01110010 -> 9 4 10 1 1 2 9 9 4 0 -> 01110010
11110010 -> 3 3 10 1 2 7 2 1 2 0 -> 11110010
00001010 -> 1 4 10 10 8 5 2 10 3 0 -> 00001010
10001010 -> 4 6 9 4 1 4 1 2 4 0 -> 10001010
01001010 -> 4 2 4 6 1 3 8 1 2 0 -> 01001010
11001010 -> 7 6 1 2 6 9 5 4 5 0 -> 11001010
00101010 -> 3 9 7 8 9 4 4 4 7 0 -> 00101010
10101010 -> 8 9 3 8 2 8 9 9 6 0 -> 10101010
01101010 -> 7 5 4 3 6 1 5 10 2 0 -> 01101010
11101010 -> 10 7 3 6 7 7 10 7 10 0 -> 11101010
00011010 -> 3 6 7 8 6 3 9 5 2 0 -> 00011010
10011010 -> 10 9 10 5 8 2 5 4 4 0 -> 10011010
01011010 -> 4 10 5 1 8 10 6 1 8 0 -> 01011010
11011010 -> 5 5 10 2 1 3 2 6 9 0 -> 11011010
00111010 -> 2 8 8 4 6 6 10 3 4 0 -> 00111010
10111010 -> 8 10 8 4 5 5 8 6 5 0 -> 10111010
01111010 -> 5 3 9 7 7 2 3 9 1 0 -> 01111010
11111010 -> 4 1 10 6 3 3 4 7 5 0 -> 11111010
00000110 -> 10 10 9 5 7 2 7 9 6 0 -> 00000110
10000110 -> 1 6 7 8 6 1 1 6 7 0 -> 10000110
01000110 -> 9 7 8 9 8 2 2 8 9 0 -> 01000110
11000110 -> 7 7 9 2 4 6 10 7 9 0 -> 11000110
00100110 -> 5 5 1 3 3 9 10 7 2 0 -> 00100110
10100110 -> 3 9 1 10 1 10 10 1 10 0 -> 10100110
01100110 -> 6 8 4 1 9 9 1 10 5 0 -> 01100110
11100110 -> 10 2 7 9 10 2 1 8 7 0 -> 11100110
00010110 -> 3 8 4 1 5 3 7 7 7 0 -> 00010110
10010110 -> 8 4 5 10 3 4 8 8 2 0 -> 10010110
01010110 -> 2 4 2 6 7 9 10 3 8 0 -> 01010110
11010110 -> 3 4 2 8 8 9 8 5 10 0 -> 11010110
00110110 -> 8 5 5 10 6 10 5 5 3 0 -> 00110110
10110110 -> 10 10 3 10 7 7 10 7 6 0 -> 10110110
01110110 -> 6 6 6 2 1 1 7 7 6 0 -> 01110110
11110110 -> 10 8 4 3 9 9 6 7 10 0 -> 11110110
00001110 -> 4 9 4 8 3 7 1 9 8 0 -> 00001110
10001110 -> 8 2 7 8 4 6 3 7 9 0 -> 10001110
01001110 -> 10 6 5 8 1 9 8 4 4 0 -> 01001110
11001110 -> 7 5 2 1 10 3 2 4 4 0 -> 11001110
00101110 -> 8 1 10 8 8 4 8 10 5 0 -> 00101110
10101110 -> 9 7 4 4 5 9 3 8 9 0 -> 10101110
01101110 -> 6 6 3 8 2 10 4 4 10 0 -> 01101110
11101110 -> 9 4 1 4 3 9 9 6 1 0 -> 11101110
00011110 -> 2 1 1 2 8 9 8 10 8 0 -> 00011110
10011110 -> 3 2 4 8 5 2 2 10 6 0 -> 10011110
01011110 -> 10 1 8 4 8 8 2 1 10 0 -> 01011110
11011110 -> 4 6 8 9 4 3 1 5 8 0 -> 11011110
00111110 -> 3 6 5 8 7 2 3 9 3 0 -> 00111110
10111110 -> 2 10 3 10 8 6 5 1 7 0 -> 10111110
01111110 -> 4 8 1 5 9 8 6 10 1 0 -> 01111110
11111110 -> 2 2 1 8 10 3 6 3 10 0 -> 11111110
00000001 -> 6 6 9 10 2 8 4 1 5 0 -> 00000001
10000001 -> 5 9 10 8 7 7 5 5 8 0 -> 10000001
01000001 -> 9 3 6 5 6 10 8 3 5 0 -> 01000001
11000001 -> 6 5 1 10 9 6 8 1 1 0 -> 11000001
00100001 -> 9 1 5 9 2 5 1 6 7 0 -> 00100001
10100001 -> 1 2 4 2 6 7 7 6 10 0 -> 10100001
01100001 -> 9 8 4 10 2 10 10 3 2 0 -> 01100001
11100001 -> 10 5 6 6 8 7 7 9 4 0 -> 11100001
00010001 -> 7 1 4 3 2 5 10 9 2 0 -> 00010001
10010001 -> 7 9 3 7 3 10 1 7 7 0 -> 10010001
01010001 -> 10 1 3 1 6 1 5 4 3 0 -> 01010001
11010001 -> 8 9 7 10 2 3 1 5 9 0 -> 11010001
00110001 -> 2 8 2 2 2 7 6 2 1 0 -> 00110001
10110001 -> 3 2 7 4 2 6 2 4 8 0 -> 10110001
01110001 -> 10 8 5 3 7 3 3 9 7 0 -> 01110001
11110001 -> 8 6 8 7 5 1 1 7 6 0 -> 11110001
00001001 -> 6 9 9 7 3 6 7 9 7 0 -> 00001001
10001001 -> 2 8 6 3 9 7 7 8 6 0 -> 10001001
01001001 -> 7 1 5 7 2 2 7 5 7 0 -> 01001001
11001001 -> 10 9 3 2 3 3 9 3 7 0 -> 11001001
00101001 -> 9 7 5 9 6 1 7 8 5 0 -> 00101001
10101001 -> 4 7 10 4 9 5 10 4 4 0 -> 10101001
01101001 -> 7 5 8 6 6 2 4 9 5 0 -> 01101001
11101001 -> 7 8 10 9 10 1 9 5 3 0 -> 11101001
00011001 -> 3 8 6 7 9 10 3 5 1 0 -> 00011001
10011001 -> 6 7 9 7 9 1 10 5 4 0 -> 10011001
01011001 -> 1 10 3 5 10 4 10 5 6 0 -> 01011001
11011001 -> 1 6 5 3 8 7 10 6 4 0 -> 11011001
00111001 -> 2 10 10 2 2 6 6 8 5 0 -> 00111001
10111001 -> 9 8 2 3 10 6 5 7 3 0 -> 10111001
01111001 -> 10 9 9 7 1 8 4 10 5 0 -> 01111001
11111001 -> 9 3 9 9 9 6 9 9 2 0 -> 11111001
00000101 -> 5 6 3 1 9 9 2 9 6 0 -> 00000101
10000101 -> 2 9 8 5 2 10 9 6 10 0 -> 10000101
01000101 -> 6 9 3 9 10 2 6 4 6 0 -> 01000101
11000101 -> 2 3 4 3 1 4 5 10 2 0 -> 11000101
00100101 -> 10 3 6 4 9 4 7 2 10 0 -> 00100101
10100101 -> 9 6 1 3 1 5 7 8 3 0 -> 10100101
01100101 -> 9 10 2 2 7 1 7 9 3 0 -> 01100101
11100101 -> 9 6 3 6 5 10 6 9 10 0 -> 11100101
00010101 -> 1 10 10 5 10 3 6 9 3 0 -> 00010101
10010101 -> 2 6 10 3 1 8 9 8 9 0 -> 10010101
01010101 -> 4 3 3 2 9 10 1 2 1 0 -> 01010101
11010101 -> 3 7 6 5 4 8 6 1 3 0 -> 11010101
00110101 -> 1 9 2 8 9 9 10 6 9 0 -> 00110101
10110101 -> 10 7 6 10 4 2 9 9 5 0 -> 10110101
01110101 -> 6 10 4 3 10 5 6 4 6 0 -> 01110101
11110101 -> 6 4 6 8 7 4 7 9 9 0 -> 11110101
00001101 -> 10 7 5 1 6 1 1 3 1 0 -> 00001101
10001101 -> 5 4 7 7 4 3 1 7 7 0 -> 10001101
01001101 -> 6 10 2 9 8 10 9 3 9 0 -> 01001101
11001101 -> 4 5 3 7 1 10 6 4 3 0 -> 11001101
00101101 -> 3 6 8 8 3 3 9 10 4 0 -> 00101101
10101101 -> 3 1 4 8 6 7 10 8 9 0 -> 10101101
01101101 -> 3 8 8 3 7 2 9 7 7 0 -> 01101101
11101101 -> 4 2 5 10 10 5 6 3 4 0 -> 11101101
00011101 -> 5 4 3 9 7 1 9 2 3 0 -> 00011101
10011101 -> 7 8 7 6 3 9 4 6 7 0 -> 10011101
01011101 -> 5 4 4 2 7 2 2 4 6 0 -> 01011101
11011101 -> 1 5 3 7 9 7 6 7 7 0 -> 11011101
00111101 -> 6 7 10 8 6 4 4 8 10 0 -> 00111101
10111101 -> 6 6 9 9 2 1 3 3 3 0 -> 10111101
01111101 -> 6 9 2 8 8 10 1 6 1 0 -> 01111101
11111101 -> 4 2 2 6 7 2 8 4 4 0 -> 11111101
00000011 -> 9 4 1 9 9 8 2 9 2 0 -> 00000011
10000011 -> 8 5 4 1 6 8 3 3 8 0 -> 10000011
01000011 -> 5 2 4 5 7 10 10 6 10 0 -> 01000011
11000011 -> 9 9 2 1 7 3 7 2 7 0 -> 11000011
00100011 -> 8 3 5 10 1 8 5 2 3 0 -> 00100011
10100011 -> 5 2 4 9 3 4 8 10 4 0 -> 10100011
01100011 -> 2 3 7 7 1 3 10 7 6 0 -> 01100011
11100011 -> 3 4 7 3 5 7 9 5 4 0 -> 11100011
00010011 -> 8 10 3 1 6 4 10 7 7 0 -> 00010011
10010011 -> 1 4 2 10 10 6 1 6 4 0 -> 10010011
01010011 -> 4 6 2 10 9 3 3 10 6 0 -> 01010011
11010011 -> 1 1 6 2 1 4 4 2 8 0 -> 11010011
00110011 -> 3 6 5 2 8 9 6 5 2 0 -> 00110011
10110011 -> 8 8 3 3 7 5 4 1 10 0 -> 10110011
01110011 -> 7 5 8 6 1 4 10 8 8 0 -> 01110011
11110011 -> 1 5 6 5 2 1 4 9 6 0 -> 11110011
00001011 -> 9 1 1 2 3 9 7 7 10 0 -> 00001011
10001011 -> 9 2 6 5 7 7 1 5 7 0 -> 10001011
01001011 -> 1 9 7 2 8 2 2 9 6 0 -> 01001011
11001011 -> 1 6 7 10 8 2 10 7 3 0 -> 11001011
00101011 -> 9 3 1 6 5 6 10 9 10 0 -> 00101011
10101011 -> 4 5 6 7 9 8 1 1 4 0 -> 10101011
01101011 -> 1 8 7 2 6 7 3 3 6 0 -> 01101011
11101011 -> 4 5 2 7 3 8 6 3 10 0 -> 11101011
00011011 -> 1 3 6 3 3 8 10 6 10 0 -> 00011011
10011011 -> 2 6 10 5 4 4 4 7 10 0 -> 10011011
01011011 -> 7 1 7 7 7 9 8 10 10 0 -> 01011011
11011011 -> 5 10 10 6 3 8 8 7 5 0 -> 11011011
00111011 -> 7 3 4 7 6 1 10 1 7 0 -> 00111011
10111011 -> 5 4 6 6 5 6 6 5 7 0 -> 10111011
01111011 -> 7 9 4 2 8 3 1 5 8 0 -> 01111011
11111011 -> 5 5 3 8 10 7 7 6 2 0 -> 11111011
00000111 -> 5 8 3 2 7 7 10 9 10 0 -> 00000111
10000111 -> 6 4 7 8 5 7 9 4 6 0 -> 10000111
01000111 -> 10 3 5 9 10 6 2 4 7 0 -> 01000111
11000111 -> 9 9 1 10 10 3 8 5 6 0 -> 11000111
00100111 -> 7 5 10 8 7 10 10 6 7 0 -> 00100111
10100111 -> 8 10 8 7 3 8 9 2 5 0 -> 10100111
01100111 -> 5 1 2 10 5 7 8 5 6 0 -> 01100111
11100111 -> 8 8 6 6 3 10 2 8 1 0 -> 11100111
00010111 -> 1 8 2 6 10 5 9 7 7 0 -> 00010111
10010111 -> 2 7 6 1 10 5 3 8 9 0 -> 10010111
01010111 -> 9 5 2 5 7 5 5 2 10 0 -> 01010111
11010111 -> 9 8 8 6 3 8 9 3 10 0 -> 11010111
00110111 -> 10 5 3 1 3 2 4 5 2 0 -> 00110111
10110111 -> 5 9 10 8 10 6 7 1 9 0 -> 10110111
01110111 -> 5 7 10 10 4 6 7 10 8 0 -> 01110111
11110111 -> 2 10 2 6 9 7 6 2 6 0 -> 11110111
00001111 -> 1 4 8 6 4 9 7 3 1 0 -> 00001111
10001111 -> 6 5 2 7 6 7 7 4 10 0 -> 10001111
01001111 -> 5 10 9 1 5 8 1 10 9 0 -> 01001111
11001111 -> 4 6 9 6 1 7 10 1 8 0 -> 11001111
00101111 -> 4 10 2 4 8 10 9 5 8 0 -> 00101111
10101111 -> 2 4 8 1 2 8 4 7 1 0 -> 10101111
01101111 -> 10 6 2 1 7 7 10 6 9 0 -> 01101111
11101111 -> 8 2 1 6 8 6 10 3 5 0 -> 11101111
00011111 -> 6 5 5 1 5 10 7 5 7 0 -> 00011111
10011111 -> 3 5 2 1 10 1 1 4 4 0 -> 10011111
01011111 -> 10 7 5 8 4 6 5 4 1 0 -> 01011111
11011111 -> 4 7 8 2 1 2 9 5 1 0 -> 11011111
00111111 -> 3 4 3 4 2 1 7 10 4 0 -> 00111111
10111111 -> 2 6 5 6 4 8 3 2 10 0 -> 10111111
01111111 -> 10 2 8 2 4 7 10 10 5 0 -> 01111111
11111111 -> 2 9 7 6 9 4 8 3 2 0 -> 11111111
